177
970
696
551
882
832
601
982
785
988
203
322
419
228
783
487
40
834
488
665
233
8
662
874
122
902
228
836
221
207
15
806
959
359
698
622
522
719
903
663
554
910
523
990
319
964
107
154
641
8
957
353
159
70
506
168
124
661
628
31
518
326
281
611
950
799
467
956
282
966
1000
176
387
232
398
312
606
43
191
510
337
297
340
648
235
452
227
430
85
896
274
343
303
139
132
733
835
915
152
960
717
994
781
682
358
435
992
265
265
458
395
632
867
104
864
196
871
774
259
945
841
404
162
197
10
430
540
974
148
988
369
485
538
224
156
824
413
997
49
548
613
242
595
194
758
806
923
67
756
27
911
332
467
236
644
950
724
306
15
722
798
496
400
689
767
579
310
108
895
540
274
302
233
244
235
758
856
110
495
230
76
364
792
146
587
591
751
426
865
339
160
675
442
536
475
178
576
346
25
851
196
108
169
600
842
676
497
280
549
9
191
486
569
159
823
958
608
777
339
896
238
694
494
821
258
741
545
309
80
523
560
573
208
80
855
790
322
62
208
780
977
292
703
809
950
329
893
962
766
832
14
711
382
215
109
649
750
866
636
664
674
444
646
957
118
939
661
692
936
378
687
824
356
933
795
328
175
227
813
760
683
194
871
427
647
235
920
527
646
227
54
505
559
758
874
513
704
228
741
102
8
493
331
662
169
93
958
552
520
791
334
956
531
133
790
822
928
381
595
495
472
342
263
31
861
262
871
45
687
9
964
374
981
625
78
131
766
393
316
53
793
711
149
537
756
205
516
574
266
161
870
432
948
115
417
265
792
763
288
953
699
542
905
6
488
959
773
67
8
329
995
448
193
714
758
20
355
807
782
607
416
645
846
835
432
791
550
331
22
977
738
920
974
970
452
451
412
698
689
354
808
125
78
310
300
29
765
136
459
362
482
165
359
197
83
776
999
302
236
674
320
282
996
885
620
694
428
483
592
483
825
901
234
567
449
581
520
277
648
81
550
587
235
88
384
935
356
676
967
132
45
687
424
196
186
355
720
100
37
384
517
842
711
778
399
16
202
84
933
787
535
900
529
413
330
746
942
740
640
677
844
126
456
862
336
936
988
483
423
419
556
817
64
689
58
225
938
882
140
474
301
622
266
131
786
165
735
404
450
128
765
326
207
986
561
178
766
272
847
912
179
545
639
75
862
900
898
102
198
362
637
424
252
244
220
687
430
179
470
654
331
598
840
440
937
904
18
807
360
368
463
120
761
50
53
20
844
937
618
639
250
216
388
910
433
737
89
278
958
864
883
926
387
502
772
544
28
907
361
969
386
662
560
645
377
810
869
145
43
925
90
73
724
831
199
111
284
347
985
141
212
332
215
176
763
737
159
781
426
427
435
180
540
80
535
835
858
869
955
124
410
67
915
191
571
179
858
266
161
810
597
94
618
944
558
910
763
439
449
965
344
571
968
527
838
789
307
642
803
717
233
235
405
797
688
249
64
926
403
168
413
945
355
493
709
961
276
74
281
559
357
493
671
57
716
888
450
18
984
646
902
717
718
801
267
482
306
826
236
250
584
809
136
796
584
722
922
97
833
898
886
430
368
295
917
813
839
836
667
174
780
313
627
352
910
583
362
433
529
747
823
840
676
961
520
998
20
743
867
774
319
153
893
671
979
248
597
751
108
693
511
915
515
68
771
787
288
813
449
185
768
588
623
826
654
369
723
75
409
908
355
36
797
1
413
429
49
149
59
798
427
629
554
801
197
747
785
186
944
751
764
784
879
352
18
815
322
841
345
565
509
210
703
812
512
50
506
220
641
99
378
834
928
17
4
391
746
499
30
56
198
214
685
311
583
529
727
702
299
567
145
96
258
753
717
144
555
709
673
112
431
97
345
451
919
967
339
686
354
554
877
322
523
22
641
214
190
964
354
71
739
894
583
651
702
430
981
55
406
482
553
18
924
914
537
713
643
212
484
377
893
868
858
841
373
292
242
283
594
584
325
383
100
768
943
580
3
683
912
926
615
243
652
702
442
677
126
859
418
674
602
759
408
183
441
72
558
988
910
466
60
849
592
620
745
68
133
533
443
105
628
577
622
372
49
708
700
241
774
871
468
73
844
511
134
507
419
556
274
444
812
998
552
229
242
842
631
724
582
793
695
500
241
784
626
33
130
436
591
938
947
626
921
229
668
669
258
579
872
314
27
203
513
597
859
383
61
270
53
595
191
922
716
397
108
675
171
926
773
285
477
295
509
951
214
744
705
389
512
775
142
708
525
378
399
333
295
846
417
477
505
451
677
563
138
747
450
214
344
860
398
457
765
598
279
831
702
501
271
303
47
512
742
185
854
657
681
522
101
898
328
251
977
598
55
454
627
755
705
204
571
362
873
588
816
517
789
977
447
335
776
494
116
679
664
344
389
650
769
723
809
626
656
456
512
460
663
763
566
195
856
655
301
687
401
936
707
751
792
731
159
688
941
682
440
321
36
683
293
660
169
817
128
360
871
408
248
874
235
461
932
576
793
455
405
468
218
967
853
561
310
867
495
140
5
963
619
488
36
384
255
8
391
241
326
474
6
647
253
987
397
861
144
202
892
466
519
132
855
568
861
936
320
727
946
187
969
730
51
683
640
430
596
616
545
256
276
998
959
452
421
129
214
459
879
290
745
726
880
957
461
15
814
836
71
739
343
505
347
342
834
904
783
467
639
895
943
581
441
690
71
978
684
463
143
769
345
288
117
493
886
183
453
946
720
166
300
778
524
611
459
860
642
374
271
828
876
428
751
756
245
207
593
148
847
519
529
764
755
746
651
191
576
42
591
540
601
895
459
813
67
473
731
219
514
701
460
989
562
363
380
573
869
526
675
173
929
22
483
848
341
286
573
925
242
303
521
66
266
141
565
883
719
182
924
227
191
565
948
758
91
693
828
267
569
698
668
746
155
562
858
834
553
163
637
264
299
299
26
872
132
736
858
644
135
705
844
499
372
477
87
813
646
745
313
257
639
459
949
12
43
857
241
411
754
14
764
149
707
13
980
839
866
581
673
657
755
334
35
928
929
836
748
198
191
337
316
54
515
842
610
602
193
197
890
472
164
542
993
29
815
866
832
139
439
43
507
255
289
472
168
299
915
389
379
45
264
390
325
290
385
220
547
287
629
631
444
342
778
165
146
551
27
383
950
594
543
886
332
540
94
837
848
943
77
787
178
288
686
682
826
980
908
68
207
820
326
752
360
663
328
494
455
797
352
544
289
758
421
661
830
85
737
922
741
173
462
768
51
588
761
275
173
100
146
569
830
889
213
169
378
789
754
370
974
889
23
38
578
705
375
601
57
483
676
508
475
462
855
478
16
506
763
231
970
623
927
64
855
470
486
326
505
123
105
939
347
244
285
675
952
118
577
734
630
575
279
459
612
183
360
424
945
837
213
519
392
87
721
549
80
855
418
964
118
835
84
87
948
922
467
354
404
123
777
388
897
410
225
885
376
296
836
267
485
336
593
420
646
255
568
218
996
877
614
845
590
805
440
765
101
919
29
239
606
212
749
290
495
540
392
756
923
732
548
909
686
244
471
243
666
207
807
616
503
766
455
885
176
396
69
816
887
111
323
602
111
997
747
754
765
842
466
420
104
143
252
523
960
834
736
309
847
937
731
449
261
806
928
869
320
475
217
294
89
584
778
821
60
855
200
398
558
303
697
349
328
568
549
25
567
253
59
652
182
420
658
893
560
931
937
659
165
720
310
405
205
77
839
993
784
337
707
269
143
235
751
449
787
35
407
943
410
811
291
214
769
211
69
718
879
631
487
288
415
784
302
273
133
132
836
182
301
642
958
342
999
444
815
578
223
874
327
653
494
98
356
85
304
682
664
415
900
367
445
287
160
313
838
361
833
917
903
487
285
47
89
251
439
472
10
343
54
508
618
442
836
268
713
703
287
569
479
106
462
963
609
700
16
708
476
11
914
481
312
588
640
805
238
518
444
929
726
260
198
59
931
310
889
681
611
905
520
529
521
610
794
33
776
490
929
39
956
720
351
764
741
784
660
42
1
370
799
341
127
462
673
716
572
760
690
577
660
589
728
188
329
481
280
96
333
514
907
695
940
584
61
572
241
743
777
205
161
662
223
225
644
129
875
488
551
882
702
572
621
805
146
270
186
598
436
738
483
37
925
166
5
989
385
332
872
432
320
297
44
442
810
652
168
171
471
861
983
292
700
911
631
935
650
827
165
653
550
154
436
656
180
1
686
918
862
351
255
281
444
992
539
276
613
540
734
403
265
191
570
362
501
510
706
318
843
141
119
47
706
521
121
592
163
677
527
266
177
805
888
806
536
464
628
511
108
650
8
871
620
235
923
436
461
723
131
909
425
177
647
104
560
768
651
818
861
445
455
97
517
405
238
122
9
863
387
660
929
10
849
912
193
862
147
859
914
340
424
218
807
674
680
755
803
376
257
745
308
918
873
618
276
445
258
728
304
850
971
638
687
836
251
180
902
367
809
242
177
165
627
656
669
777
812
642
910
386
361
638
634
148
110
11
743
873
520
316
855
756
483
766
108
763
135
786
940
777
99
976
472
291
835
1000
440
923
917
96
529
712
748
706
850
185
848
156
910
943
45
65
188
180
926
826
778
76
255
767
695
180
536
779
190
639
885
529
463
566
63
480
382
454
947
395
214
417
508
570
591
369
82
248
358
398
889
869
689
570
509
973
920
331
120
922
355
765
892
571
332
297
253
515
347
210
83
163
596
451
980
747
125
117
5
561
615
661
618
947
102
121
564
350
815
224
771
728
760
623
401
750
968
285
775
315
73
11
482
361
986
868
626
528
474
530
41
154
504
369
435
291
318
207
573
584
295
87
848
168
640
951
865
844
830
760
471
293
566
631
387
926
715
68
552
153
890
170
357
592
830
489
86
267
230
789
771
256
293
438
510
74
271
906
315
810
306
291
614
329
125
49
303
576
166
12
419
130
220
796
331
560
44
817
534
865
738
942
768
978
1000
456
935
437
354
576
539
531
385
942
637
54
236
279
957
720
658
168
549
836
97
430
611
177
447
152
380
48
268
860
535
14
651
815
341
667
786
639
332
886
117
940
551
320
847
43
743
953
62
956
982
82
67
382
270
80
46
970
999
581
11
163
47
705
521
418
980
497
119
453
758
493
324
759
52
575
203
761
580
456
906
912
378
922
360
800
295
297
775
511
288
421
698
413
957
861
37
9
511
511
488
483
332
243
616
878
528
393
634
93
148
209
958
567
915
23
529
78
87
694
256
160
609
560
384
615
497
602
694
603
975
157
854
429
358
703
484
430
539
597
984
626
889
926
584
203
88
916
72
730
400
227
852
54
582
854
622
982
364
611
688
396
33
763
377
770
418
934
360
826
252
484
854
103
827
832
51
844
220
415
45
372
406
761
245
1000
833
672
824
237
499
508
314
452
413
468
953
2
155
447
43
844
1
516
861
143
12
137
484
647
751
922
438
411
967
834
466
439
39
935
98
13
9
143
951
515
705
524
956
274
669
957
665
842
281
478
885
978
763
645
397
464
202
975
745
604
885
565
484
611
319
294
652
214
396
523
615
925
168
906
756
532
726
105
506
158
466
382
888
738
377
329
919
904
843
495
212
477
494
115
455
673
121
493
967
757
674
963
1000
750
929
279
303
366
1
246
654
307
153
543
858
14
48
501
850
594
92
201
80
915
179
874
689
590
754
820
446
324
784
837
707
129
133
564
602
814
419
753
826
876
548
133
212
981
258
660
309
575
111
613
628
599
904
652
106
225
73
316
825
587
920
994
663
364
344
22
362
59
857
845
978
561
555
7
574
993
702
322
393
531
472
87
110
840
254
872
263
377
846
308
329
171
390
388
29
203
195
944
890
454
421
510
764
224
673
508
411
177
415
123
441
409
610
30
914
786
656
245
323
815
98
749
627
451
472
222
908
381
234
428
860
99
87
529
864
551
428
296
193
251
121
941
355
345
592
174
267
88
168
228
624
279
380
102
852
473
772
94
915
956
535
88
618
246
573
81
619
580
509
937
86
936
10
502
239
773
794
222
868
939
450
201
306
994
574
473
27
432
870
720
741
460
239
668
485
227
668
879
139
886
131
408
559
687
554
872
53
819
191
577
904
679
783
986
379
751
907
785
331
152
360
131
935
986
576
667
85
744
749
128
475
324
254
245
708
322
764
530
574
260
2
343
64
980
548
328
431
998
121
515
457
565
406
205
995
482
848
245
886
629
393
938
568
615
816
323
288
77
623
683
833
430
914
980
588
865
489
676
215
6
91
493
390
474
880
811
64
748
262
119
236
328
157
661
890
916
400
493
828
353
447
665
140
92
261
148
444
993
607
4
670
573
193
215
208
450
701
699
282
780
867
212
191
852
650
844
929
908
626
373
967
79
141
52
9
361
295
223
291
269
860
419
122
656
217
124
485
432
129
263
679
624
634
96
681
317
449
310
54
142
107
10
643
74
796
909
137
811
498
321
496
768
783
202
686
501
951
220
844
312
384
456
168
880
304
49
198
381
573
879
961
777
746
155
797
90
106
295
100
289
248
766
867
492
446
982
75
349
994
596
709
650
273
992
301
343
431
310
913
289
679
657
862
518
673
484
458
224
183
196
606
274
378
43
380
377
331
485
27
809
551
412
605
329
845
678
387
521
876
117
779
430
444
120
258
390
167
759
69
120
703
150
473
112
115
222
321
291
729
202
375
177
516
605
456
226
342
423
106
669
981
254
191
783
201
148
25
189
547
349
991
420
674
83
475
164
72
277
593
946
486
207
66
116
950
909
567
598
136
184
408
370
626
935
562
795
624
554
618
999
938
878
640
408
704
200
318
865
733
362
306
757
554
210
156
139
924
519
91
239
579
291
831
468
336
730
273
621
433
951
661
658
640
187
19
263
275
924
580
38
762
916
350
634
910
989
661
386
235
547
22
210
440
982
100
813
552
31
210
272
407
245
86
502
976
546
381
956
939
373
687
276
505
953
356
551
825
486
137
995
141
993
176
843
942
697
486
847
474
655
58
328
161
831
992
349
388
136
922
855
90
349
476
165
203
239
725
471
519
420
702
932
719
284
787
998
66
888
514
483
813
407
206
659
630
658
823
410
66
379
940
889
807
752
13
971
481
9
102
782
663
943
976
336
476
473
388
924
606
716
788
716
441
780
422
183
930
271
648
781
72
135
11
482
177
335
853
235
488
677
77
551
245
964
473
629
458
218
603
579
759
811
682
773
561
485
914
931
262
525
485
157
22
996
92
964
43
142
873
845
761
956
979
212
570
722
782
744
36
483
209
174
483
38
243
315
252
585
590
50
320
859
427
67
543
850
582
387
631
433
983
399
148
481
738
107
904
48
917
914
143
246
846
606
440
522
843
627
24
351
635
835
562
3
884
938
805
886
903
327
239
779
275
363
870
584
889
58
582
658
412
352
626
88
338
624
287
395
409
411
942
80
383
586
253
947
607
822
122
335
561
937
292
274
435
493
920
495
74
628
177
267
692
389
156
89
931
208
615
558
865
109
17
938
531
609
121
297
744
790
244
9
397
366
592
885
234
860
168
696
479
389
636
778
208
508
735
845
321
302
900
577
908
892
667
45
950
349
367
966
408
683
218
298
539
386
806
197
118
253
915
429
681
547
408
313
771
206
533
681
811
252
700
609
705
797
780
205
272
283
924
633
359
506
62
474
852
702
837
176
530
702
317
977
816
136
402
213
557
665
513
611
903
262
137
680
585
844
393
734
504
584
640
332
551
43
429
187
144
204
823
161
95
881
42
905
730
952
798
348
365
789
746
978
464
813
892
852
440
347
810
612
875
864
904
864
407
299
180
883
225
143
318
246
26
910
427
792
706
747
585
317
524
555
149
971
658
923
192
440
234
635
667
136
796
420
822
728
541
754
69
802
929
70
262
283
668
539
964
95
60
841
683
783
16
485
578
616
406
274
202
330
963
758
508
260
389
678
579
458
28
266
42
260
35
227
456
402
659
525
433
468
281
335
767
452
928
145
285
119
780
539
586
683
27
143
666
229
428
123
853
273
440
409
190
974
601
579
689
670
364
54
287
923
140
139
457
22
819
524
927
907
644
813
647
775
662
788
278
819
80
795
651
172
207
885
900
798
804
144
28
3
525
781
585
757
643
972
719
110
375
163
716
812
370
687
599
438
668
332
574
588
117
487
665
272
360
163
524
928
443
648
984
86
586
768
969
12
720
287
41
413
819
226
43
582
545
710
721
615
315
345
388
923
978
722
707
766
21
153
190
100
604
465
809
683
983
640
631
441
411
440
382
736
604
52
758
353
279
263
942
954
309
996
68
424
836
848
564
630
408
366
151
458
986
445
959
307
404
16
453
949
503
510
251
581
156
685
616
227
60
376
195
374
922
269
857
210
842
756
41
324
372
567
859
447
163
91
142
357
287
88
562
743
524
590
166
513
839
753
624
34
514
834
306
162
903
752
183
861
839
489
571
951
743
672
625
297
761
301
833
71
997
650
553
16
184
491
194
349
784
612
235
286
672
209
26
144
415
285
713
746
858
645
646
684
185
15
559
745
885
485
4
327
195
640
315
224
740
31
863
435
232
152
843
195
761
385
914
891
959
339
662
909
119
404
946
423
79
754
966
383
685
224
253
14
541
776
793
39
531
235
741
803
867
505
148
946
839
549
1
847
51
491
856
544
423
764
303
534
814
520
394
382
262
749
489
726
728
66
251
710
604
62
163
197
657
239
452
39
954
859
884
80
879
117
332
88
642
830
173
522
311
376
436
133
625
733
923
493
571
766
139
394
116
175
757
816
917
37
532
51
329
58
642
805
471
316
646
478
856
32
933
10
824
85
123
273
962
502
463
213
82
773
111
177
100
468
946
787
362
97
290
170
333
358
510
219
420
305
436
839
640
57
416
839
283
506
461
782
884
583
533
637
256
532
329
602
199
977
670
881
757
892
107
582
868
145
993
776
263
203
131
796
942
275
280
154
139
412
486
696
196
742
812
157
499
955
729
168
581
114
196
663
230
114
979
791
45
630
164
809
991
853
590
143
996
168
935
4
235
286
228
110
532
832
931
765
145
104
980
787
268
469
777
845
383
429
156
776
726
4
855
694
684
386
104
386
479
276
697
825
714
869
216
962
317
951
73
269
601
125
633
261
237
9
615
52
338
894
557
913
679
882
994
77
690
76
133
493
262
800
927
453
827
981
801
763
677
440
451
874
982
170
57
28
505
559
607
294
758
426
812
48
225
285
973
453
522
707
435
596
209
670
369
418
732
107
636
773
515
189
163
265
809
365
866
112
673
348
51
1000
953
529
337
47
487
620
34
116
642
277
894
612
67
608
373
392
636
196
769
354
908
147
618
987
366
42
121
169
458
714
274
202
295
609
171
413
408
829
706
897
993
9
693
229
43
958
192
722
764
518
843
801
957
361
145
514
415
648
744
273
245
101
43
70
690
119
437
375
496
43
534
553
623
414
331
496
550
58
870
639
708
302
340
395
85
831
163
635
139
872
838
237
339
236
559
993
510
488
40
445
346
288
536
340
207
655
385
264
664
110
518
875
926
567
482
169
478
301
675
434
489
623
720
400
32
927
195
666
64
16
429
616
164
419
277
718
478
693
380
306
996
697
257
961
830
300
764
161
633
833
787
548
559
117
818
638
41
389
239
457
287
980
285
819
749
222
669
148
736
620
586
621
63
966
172
245
533
318
285
321
55
34
264
649
980
560
997
359
3
457
201
999
870
63
951
609
968
500
643
323
962
881
427
330
787
552
891
636
264
143
431
974
410
215
476
805
876
751
316
888
188
205
83
530
147
240
425
412
79
528
484
907
980
911
585
51
433
607
533
218
209
1
978
325
547
672
589
243
893
211
600
232
901
694
606
802
778
722
503
399
235
345
618
359
807
82
199
628
201
19
929
562
143
469
449
374
530
92
802
426
625
713
740
387
495
578
206
780
129
172
288
609
4
988
736
51
872
308
441
539
272
602
599
613
800
875
429
68
196
607
879
861
32
470
723
343
670
619
449
943
907
748
12
570
12
896
341
215
470
795
121
736
221
586
21
230
488
132
460
712
724
389
757
197
858
682
424
132
554
644
191
608
335
485
145
527
50
139
219
619
366
906
22
79
469
598
18
209
197
750
116
249
186
444
516
790
131
470
287
151
991
47
789
711
49
862
589
351
918
307
362
888
176
311
188
554
677
339
932
288
88
492
621
148
103
98
472
761
416
877
560
869
510
769
445
723
183
584
63
295
770
236
912
246
973
384
316
33
699
557
67
774
362
455
156
125
826
455
339
806
566
550
272
694
221
307
943
880
267
379
643
495
596
65
852
915
463
536
835
848
403
144
382
200
255
534
288
339
926
799
568
774
773
87
121
16
639
353
525
505
663
9
19
504
397
672
697
611
477
340
935
343
597
288
535
773
269
500
196
842
952
29
584
14
419
260
349
633
433
122
734
962
319
136
311
596
414
339
710
417
956
943
954
744
759
617
858
604
45
440
501
27
837
983
907
244
629
265
836
134
868
934
51
756
983
793
760
896
469
247
377
698
611
876
986
485
918
104
102
230
895
598
606
175
489
251
614
588
63
831
831
82
830
702
376
922
470
946
180
372
858
458
72
306
219
772
353
487
414
815
323
581
141
176
155
629
928
225
444
636
940
348
583
108
206
955
518
485
656
648
908
639
976
859
38
119
871
918
185
616
97
343
614
850
266
467
969
804
3
131
833
148
717
587
11
943
529
658
669
607
940
149
821
55
426
75
417
965
957
737
386
415
49
343
421
707
389
804
321
681
870
432
318
827
575
750
454
485
517
203
618
532
264
259
85
726
286
23
101
423
81
115
696
981
354
950
995
603
968
104
127
151
561
237
561
468
660
829
815
493
907
198
734
547
867
342
579
835
768
398
619
573
605
592
548
225
577
104
143
830
362
182
187
249
78
68
512
833
499
193
157
719
53
506
847
98
929
804
729
478
773
327
525
399
28
515
636
519
719
284
753
189
179
736
802
900
17
36
833
160
540
213
527
167
827
430
578
636
104
160
775
893
727
611
740
136
359
545
655
126
916
951
473
642
545
202
751
428
810
403
745
468
672
856
700
588
515
558
55
168
242
488
930
63
249
497
639
214
451
874
261
569
657
218
767
236
903
525
57
878
127
407
96
959
278
289
266
173
855
318
553
462
989
757
821
691
256
562
772
750
760
848
45
692
593
97
647
454
132
377
743
28
395
126
799
738
486
737
803
660
244
755
893
859
314
720
599
572
985
736
977
880
684
430
693
33
275
599
955
414
416
43
253
631
459
633
151
154
72
48
897
634
173
884
626
708
945
508
389
629
710
343
759
351
67
237
84
710
603
501
208
221
546
539
663
600
793
140
784
696
473
304
208
995
807
201
501
620
445
66
908
662
578
670
188
247
999
720
678
546
23
771
400
124
664
925
872
16
366
265
226
320
183
704
19
207
64
935
667
27
504
307
449
23
470
153
834
478
881
92
778
255
514
583
250
639
97
244
117
423
499
205
270
592
984
962
964
667
553
165
146
529
372
988
642
540
86
123
896
733
176
692
264
219
224
811
697
203
423
602
946
995
567
95
12
100
553
516
306
14
937
137
447
222
731
6
804
804
953
50
384
75
927
82
142
966
68
127
814
268
39
487
133
955
93
476
307
541
138
472
319
547
642
588
664
266
101
606
572
474
469
814
243
15
343
316
365
10
923
322
359
716
955
68
337
619
688
141
878
460
779
346
136
148
932
169
947
185
976
311
312
983
900
335
610
875
283
300
701
362
918
584
621
666
88
388
698
263
460
560
732
570
543
155
250
48
748
970
708
971
750
929
586
54
173
27
239
69
181
463
38
714
952
561
359
914
454
631
255
269
66
737
676
107
267
508
686
210
627
124
18
554
780
498
187
876
74
860
527
51
373
508
297
862
427
950
459
529
64
403
697
126
692
79
891
11
193
65
402
556
215
822
507
51
17
240
934
594
659
78
789
789
337
482
993
545
702
167
45
848
278
123
122
663
635
57
96
804
207
509
785
372
658
13
254
453
360
237
184
27
347
387
336
53
609
463
964
806
395
689
700
36
843
297
630
653
117
54
884
384
559
352
843
755
459
963
95
498
380
93
580
423
426
216
455
512
481
17
381
93
10
719
76
856
356
549
528
914
507
118
843
275
629
736
837
789
140
780
391
902
844
719
82
820
550
728
929
717
139
945
542
531
933
916
546
313
77
320
117
597
376
376
435
445
223
732
36
358
595
37
683
405
737
410
951
27
249
741
484
520
326
208
568
313
345
375
886
145
453
778
449
200
821
772
370
207
224
671
698
326
547
215
282
384
668
381
503
439
679
613
573
526
324
704
69
903
534
836
63
258
774
332
411
633
963
968
613
528
61
426
328
323
560
770
102
133
506
714
944
876
573
79
713
228
442
991
860
706
733
413
408
356
119
443
828
793
147
456
464
632
651
33
231
565
528
50
698
701
586
694
521
541
350
949
911
486
219
749
614
897
623
341
36
62
65
529
323
53
618
628
255
315
782
126
279
377
237
354
575
436
78
509
719
893
580
427
48
238
556
972
664
383
853
46
9
839
865
512
30
57
654
242
902
978
439
368
849
700
183
163
275
321
524
406
201
73
79
98
426
689
704
85
763
863
646
738
59
763
735
871
290
181
431
572
886
272
634
625
151
175
57
200
418
193
420
108
117
909
262
399
507
358
674
532
163
812
293
543
346
954
666
187
82
537
924
342
992
890
26
518
348
622
434
807
147
686
414
590
797
799
843
695
827
256
972
276
873
565
1000
471
784
633
404
822
841
65
867
779
546
398
188
988
768
71
426
666
280
778
766
871
45
648
880
699
899
372
886
70
813
80
746
155
66
662
554
855
988
750
775
775
845
359
788
342
690
204
291
997
904
230
473
333
93
843
619
645
934
156
909
900
257
355
387
580
544
685
815
857
252
688
160
694
513
349
431
305
689
2
154
752
226
168
81
562
851
259
56
900
200
393
505
806
891
601
127
75
632
812
701
910
808
186
827
709
900
420
186
746
440
959
168
180
733
734
197
897
44
808
264
333
609
758
582
127
583
726
672
603
51
615
89
86
443
433
453
785
808
85
546
297
7
954
48
884
279
24
604
630
60
774
363
816
844
577
656
197
756
699
906
66
93
767
384
488
694
960
870
904
608
791
20
296
381
302
476
114
338
435
56
961
308
325
222
6
674
3
972
619
729
283
641
393
583
483
438
385
838
181
851
928
692
249
817
4
939
964
488
848
804
206
556
127
241
190
792
449
938
805
482
200
495
193
371
502
947
447
247
666
875
656
682
37
504
927
678
76
444
619
333
315
250
724
375
17
335
226
589
272
202
206
652
442
862
61
15
708
119
499
80
302
441
846
685
580
435
983
490
701
272
846
556
87
739
35
410
707
107
137
903
474
153
622
32
858
854
442
12
235
773
433
740
552
419
299
45
519
407
142
377
471
464
573
139
747
321
371
615
627
871
948
306
919
826
551
16
574
882
735
495
951
448
720
872
197
717
875
468
603
598
972
257
422
950
336
818
534
612
464
207
936
813
334
782
666
853
492
967
629
164
900
306
512
482
702
938
933
213
737
984
914
341
970
194
444
751
643
817
83
422
391
564
680
403
827
302
658
345
747
548
202
836
561
303
283
964
518
34
760
272
528
72
277
944
312
42
388
50
871
501
180
45
825
623
962
751
666
991
631
122
539
142
597
871
154
742
367
664
778
147
30
31
275
502
463
984
328
472
448
855
136
42
957
321
765
194
679
63
271
463
345
214
152
495
37
26
592
439
80
616
182
477
79
416
145
716
450
30
516
27
625
10
561
239
178
596
471
949
108
486
468
386
27
236
378
521
399
47
809
4
556
300
895
163
707
863
897
253
649
242
638
337
542
697
970
353
150
123
235
815
902
504
717
372
522
733
809
239
791
445
412
204
715
53
954
931
743
816
365
454
882
82
873
529
653
418
610
57
799
693
667
515
478
78
584
872
793
777
63
574
258
314
459
311
244
820
673
167
111
399
363
647
295
476
356
29
879
276
367
789
645
624
788
289
625
802
266
568
77
759
79
992
393
358
482
314
381
403
297
349
965
818
233
639
513
105
82
83
238
413
777
760
655
859
93
217
945
337
337
783
539
650
488
145
511
464
180
968
381
934
10
876
686
254
868
357
464
28
958
295
171
353
281
497
593
492
7
152
946
118
574
78
666
967
864
325
570
933
105
960
780
972
668
969
630
930
679
953
690
290
180
924
821
194
605
361
524
543
79
918
777
36
357
671
867
666
52
980
823
182
948
248
914
836
839
854
821
845
888
562
847
791
109
754
655
357
282
465
540
383
655
38
154
511
53
808
284
203
452
42
717
281
998
737
785
492
672
72
590
79
824
999
758
13
18
368
670
166
553
892
932
997
513
822
627
34
677
305
374
615
877
392
392
585
146
919
356
215
526
485
520
156
320
141
925
251
785
134
472
331
797
207
924
537
332
314
606
624
730
694
932
273
740
333
441
800
358
496
120
47
540
844
495
827
470
681
798
936
704
565
954
173
235
158
401
544
750
239
113
538
334
298
422
357
350
952
340
593
528
591
573
458
516
183
483
171
347
251
379
423
31
511
222
342
67
791
628
420
165
427
752
565
975
699
812
23
782
275
775
426
634
314
387
658
2
735
715
285
1000
840
259
847
325
740
244
349
165
180
84
604
283
493
896
311
220
680
569
797
425
521
299
488
72
276
994
794
908
506
138
806
46
696
437
294
677
50
322
940
535
497
215
417
192
519
705
977
193
273
91
127
160
51
17
428
67
349
983
64
73
726
295
982
271
797
999
941
396
720
172
6
288
628
984
602
18
151
36
859
793
315
646
303
667
349
240
147
133
919
378
483
561
58
148
61
939
865
616
624
140
484
696
721
121
286
418
86
151
938
563
717
579
357
238
662
286
462
357
767
177
408
974
790
707
963
52
957
374
150
834
770
289
153
584
196
454
488
296
541
599
322
676
152
517
942
542
894
789
680
779
842
91
415
748
946
673
963
177
43
995
564
709
992
10
199
652
249
678
196
952
27
62
206
232
29
231
638
708
444
130
743
79
393
261
654
433
539
93
734
836
98
259
977
313
904
774
157
245
895
418
461
221
159
231
705
245
570
184
347
931
956
600
524
795
708
168
369
393
506
541
376
821
555
897
271
67
529
261
872
391
176
524
412
423
982
799
52
937
182
20
661
166
896
15
580
745
304
156
48
672
852
861
72
718
949
733
457
123
229
16
735
595
38
83
527
187
585
317
552
139
673
888
663
723
37
36
842
438
690
739
816
916
55
996
714
838
555
394
424
870
205
234
749
588
92
655
737
446
973
745
236
298
282
20
133
188
941
311
164
477
286
866
45
154
163
102
934
228
552
331
110
838
743
218
411
696
688
79
656
759
960
864
526
295
18
900
450
152
815
375
931
234
645
919
428
141
56
702
74
772
440
342
103
735
554
20
786
355
180
441
893
532
423
982
406
655
167
140
464
328
754
915
616
621
124
637
101
108
743
443
910
334
875
925
618
111
960
709
20
58
745
852
918
50
632
43
464
17
581
542
272
301
151
217
728
431
178
406
584
21
198
928
158
907
775
454
540
689
902
659
783
147
769
16
359
55
951
660
489
27
102
374
234
117
828
428
238
208
685
84
914
853
263
366
998
751
760
209
886
515
377
575
802
40
618
177
789
856
953
54
364
431
133
325
33
925
175
751
971
241
366
911
422
680
879
946
802
518
351
888
75
811
748
25
954
894
225
259
985
915
405
725
222
262
277
292
184
750
111
173
404
716
424
932
367
95
444
657
632
462
132
422
845
516
131
208
503
822
268
473
58
987
855
775
1
606
368
396
789
565
399
439
390
101
558
497
455
932
581
888
568
595
441
67
60
47
654
403
247
841
52
996
803
903
122
255
494
787
235
904
350
948
686
212
837
173
285
973
653
16
220
648
877
268
161
989
899
808
583
98
316
501
975
171
105
360
421
317
494
845
604
862
389
27
608
191
213
755
666
693
98
565
120
303
160
352
194
835
337
345
94
146
953
826
578
615
918
345
686
305
742
888
468
997
567
81
919
475
149
168
521
607
290
469
848
410
513
58
339
306
859
111
201
214
473
670
208
770
23
623
209
974
492
691
249
910
655
133
863
951
648
893
491
587
821
982
314
189
628
544
775
332
67
856
342
649
413
979
167
484
181
499
76
245
869
759
722
113
686
349
772
67
400
79
544
760
374
602
191
663
632
139
715
679
185
983
21
941
734
904
86
726
738
819
640
99
189
907
866
948
348
910
321
562
640
534
862
765
792
169
732
244
720
838
330
235
298
10
572
394
811
38
341
244
578
2
345
375
394
24
542
189
460
862
623
33
735
261
952
995
343
895
721
270
286
557
567
919
787
950
145
418
910
900
713
164
49
806
277
399
381
226
842
489
59
447
840
86
768
274
233
766
295
161
371
793
93
531
263
199
958
44
573
392
711
959
17
160
34
67
772
802
31
737
509
330
963
619
445
40
383
331
343
118
239
729
809
514
864
228
851
635
748
676
667
790
118
246
570
338
303
410
606
534
204
971
872
770
582
35
785
292
35
288
678
759
247
652
123
402
570
41
671
322
862
302
614
125
532
128
923
137
41
243
593
107
584
809
106
597
411
385
599
759
551
593
230
668
82
658
113
776
120
632
536
760
476
903
745
584
619
506
377
885
785
712
99
452
898
636
32
825
128
828
449
345
199
598
995
663
852
223
3
922
706
941
537
515
545
689
922
585
934
248
572
268
514
373
17
534
260
432
625
614
143
294
246
309
858
186
977
555
481
757
703
240
659
45
312
901
886
101
77
944
470
879
943
410
913
255
290
41
520
753
261
323
659
54
488
393
770
677
496
716
678
599
380
967
994
571
529
728
374
333
456
217
951
564
907
676
740
770
878
617
396
163
460
773
346
164
437
20
428
635
713
767
415
983
812
231
558
241
299
584
609
966
939
105
139
466
362
449
48
146
383
878
733
363
276
932
934
337
696
898
292
106
485
711
350
747
973
860
370
151
53
732
934
61
808
554
484
31
484
178
717
474
838
690
344
33
93
942
515
922
168
574
842
552
652
575
711
897
278
738
865
617
894
709
889
436
978
926
445
78
244
663
91
828
75
420
40
18
400
574
504
85
483
778
884
357
43
391
108
995
714
812
344
627
835
813
360
343
738
592
61
872
728
101
79
542
148
373
180
546
927
348
212
678
301
130
421
966
207
628
386
754
701
916
231
3
387
864
32
348
489
725
906
574
39
964
710
517
863
21
981
209
105
86
656
410
556
47
787
997
310
863
929
527
939
866
828
148
82
288
452
25
475
503
577
597
30
852
373
913
765
280
217
906
547
113
380
770
974
831
788
635
276
868
600
251
116
900
877
481
828
875
84
626
184
423
409
363
382
256
1
506
465
439
397
482
740
440
104
343
640
855
437
921
198
359
195
640
780
283
257
885
28
253
621
838
398
484
567
184
502
833
325
718
816
819
230
726
794
61
970
331
884
761
967
883
606
313
543
825
589
905
365
247
579
624
257
439
716
704
226
228
242
450
379
766
233
281
85
209
454
373
507
531
753
863
240
889
957
852
991
612
674
302
120
129
316
195
679
652
510
140
726
747
247
895
177
471
607
692
346
681
346
726
144
929
719
464
297
404
23
650
247
383
868
333
169
553
993
200
732
873
521
216
647
789
16
131
875
101
3
789
92
940
472
146
117
195
154
250
310
298
211
561
576
660
867
486
881
971
999
885
946
639
324
50
886
445
523
754
644
330
243
888
400
371
887
45
82
104
44
774
626
849
187
673
535
288
844
520
592
806
211
737
203
37
456
201
362
128
644
519
75
12
773
492
360
533
959
34
701
457
865
108
22
997
131
411
756
108
509
982
994
410
262
175
696
848
189
517
951
261
50
368
99
386
660
385
537
327
269
446
46
425
940
677
38
474
262
636
746
455
125
779
517
581
111
214
153
93
4
658
727
228
606
922
524
301
100
983
410
715
613
617
643
979
81
490
344
533
884
374
567
729
298
651
652
5
372
4
667
962
18
671
42
813
855
972
496
769
655
810
96
602
169
809
605
136
493
885
324
239
920
281
183
308
677
702
982
362
107
798
71
228
611
611
405
981
99
851
376
329
325
339
698
588
958
733
96
123
530
722
224
756
598
588
397
536
421
723
210
358
929
68
736
28
393
189
22
568
58
124
366
283
568
408
368
580
208
282
212
357
157
388
787
691
736
630
613
522
5
942
441
580
550
719
316
120
461
318
865
615
567
99
89
211
901
890
798
280
856
894
400
890
401
668
69
346
152
552
131
635
813
205
512
711
267
622
841
904
208
279
199
443
5
724
100
734
729
432
854
87
783
699
856
323
12
850
120
73
367
446
815
396
142
790
707
80
216
993
888
107
208
909
254
512
799
309
430
412
683
26
453
634
109
436
827
464
130
286
777
253
543
139
176
276
808
105
561
336
575
24
461
319
421
220
83
126
934
437
808
507
714
279
163
898
369
416
134
430
408
57
29
604
840
968
364
667
882
347
915
555
259
251
374
657
332
692
745
590
448
423
94
238
520
431
362
308
764
557
164
77
323
703
47
983
443
142
10
322
120
10
928
741
634
65
571
249
326
2
66
282
338
990
73
297
538
556
370
407
208
19
285
352
752
600
139
649
435
890
257
729
253
305
108
708
677
509
724
637
13
918
73
483
451
701
398
403
207
945
483
403
225
496
180
225
126
689
930
685
498
771
177
923
537
838
69
552
777
518
809
893
945
552
503
964
551
326
876
757
642
828
89
85
691
538
626
268
961
935
705
852
399
295
184
373
358
435
611
884
987
54
307
150
423
949
80
169
432
406
66
830
141
239
100
941
331
549
102
952
211
14
849
587
85
317
227
400
702
313
972
952
451
558
692
30
481
563
468
682
651
98
308
694
824
175
731
810
89
890
163
769
852
423
193
775
141
963
274
297
922
317
907
687
555
361
394
842
834
491
390
907
740
11
42
696
809
953
464
873
152
167
384
374
788
697
439
419
104
118
129
441
504
349
170
855
825
354
2
170
721
147
482
874
98
349
396
178
197
709
536
718
357
115
31
722
739
912
718
695
641
260
120
199
943
502
489
295
52
38
845
792
355
357
22
22
69
318
554
768
429
704
745
792
656
618
149
152
121
322
785
65
862
745
726
959
212
878
935
838
682
157
675
844
499
140
338
502
413
101
660
701
803
507
404
409
555
219
648
134
941
71
893
815
544
931
13
737
18
207
368
781
765
181
332
172
597
9
177
114
498
832
528
581
661
912
788
16
662
787
172
716
392
772
140
605
188
79
215
504
479
381
824
677
722
661
280
157
379
761
727
683
653
871
606
628
335
412
342
928
868
481
771
813
384
959
111
78
220
244
13
999
292
488
618
27
129
753
852
939
190
89
383
141
142
719
86
516
663
235
982
639
389
927
180
525
129
979
882
739
296
180
476
962
692
520
959
168
649
541
566
647
107
272
734
277
276
669
916
694
153
702
942
425
507
592
737
848
715
623
770
141
653
271
570
119
424
767
423
422
345
36
755
442
1000
1000
98
406
46
101
161
519
299
486
202
470
639
668
347
430
869
668
318
391
43
436
209
528
185
577
589
845
606
686
48
324
70
455
440
312
581
151
469
740
22
508
610
656
609
112
347
133
516
145
294
967
433
479
392
716
463
684
487
472
291
218
929
999
782
722
525
548
210
274
795
651
334
494
745
225
918
263
773
787
272
23
329
908
884
293
868
416
174
183
816
928
448
325
380
770
247
575
763
43
236
770
680
886
408
127
483
666
252
265
784
786
584
419
458
955
430
842
842
862
622
60
508
37
14
134
790
395
158
715
481
211
755
231
423
281
756
877
211
227
190
460
929
779
79
767
480
623
866
462
378
249
115
991
730
36
653
45
503
273
642
244
603
465
465
627
270
793
943
811
368
668
679
297
136
714
262
672
748
698
936
61
280
377
146
43
133
414
540
730
318
71
819
492
962
306
874
938
148
660
200
437
418
570
836
16
148
770
268
516
611
966
498
738
80
38
263
426
430
696
900
206
740
169
611
431
350
987
326
986
571
467
841
213
291
804
871
515
941
282
611
581
479
733
661
709
540
11
539
738
118
887
925
517
30
29
180
993
402
222
550
442
657
149
918
582
957
470
555
963
317
661
241
195
773
488
133
14
448
168
941
214
455
745
354
120
355
909
895
840
88
660
464
340
879
27
116
832
53
67
413
990
347
891
50
140
289
30
324
296
30
542
681
656
591
48
773
407
887
64
366
879
25
397
14
283
502
335
324
655
398
377
701
799
395
335
820
234
886
204
443
736
587
337
998
704
229
380
659
477
697
213
243
949
573
439
816
88
768
243
386
859
422
545
825
114
356
240
784
784
640
424
497
60
662
352
198
986
363
945
392
919
515
140
45
445
736
787
667
472
194
900
376
60
918
392
237
321
992
773
816
146
686
5
889
781
741
490
154
14
302
955
413
541
853
67
180
293
980
78
799
976
521
744
457
415
618
107
591
28
641
382
460
439
637
519
289
669
966
647
590
572
947
525
642
385
871
360
621
87
726
428
697
197
475
286
438
587
966
933
960
574
790
700
566
912
978
457
277
344
626
306
476
538
929
17
758
879
199
175
982
558
22
246
345
110
412
417
602
257
107
355
591
716
382
973
20
989
843
246
630
472
84
565
745
270
349
510
601
51
784
783
607
939
447
623
915
876
684
75
881
678
48
806
648
286
188
358
990
957
731
285
976
809
731
827
521
572
894
971
394
844
112
355
171
224
572
493
904
110
279
652
102
704
525
319
909
323
96
352
660
646
413
788
674
281
932
92
227
37
387
535
1
651
405
300
916
488
909
164
992
918
779
296
414
763
892
310
67
43
793
204
469
143
666
633
147
534
464
226
442
986
544
80
962
868
281
304
357
462
604
266
78
690
998
778
166
976
268
741
427
995
61
276
450
766
403
929
875
904
441
295
159
906
69
405
732
786
382
106
8
751
242
897
809
215
298
728
405
487
114
92
454
521
646
973
68
25
126
497
515
181
245
297
307
585
584
18
420
756
353
672
192
595
109
474
630
223
894
640
275
367
439
68
910
17
950
861
231
109
638
269
335
378
146
22
468
901
891
59
305
45
107
494
315
324
146
539
733
979
299
34
685
663
572
353
577
858
507
998
767
665
94
833
423
151
792
317
735
942
243
304
972
535
723
154
636
327
655
633
197
290
249
8
566
276
497
810
304
595
630
25
604
599
499
54
394
75
462
337
901
354
182
655
984
100
573
151
660
101
578
824
106
509
680
300
593
356
530
145
840
244
479
160
276
548
425
439
915
756
495
942
32
534
70
107
800
661
364
479
943
598
822
240
362
390
392
250
237
284
429
185
158
716
371
1
923
583
88
276
273
549
634
327
154
786
538
879
902
245
474
213
789
428
103
147
407
666
95
301
455
537
172
131
253
962
916
114
388
635
410
931
42
948
99
863
4
363
922
215
253
206
83
407
559
617
782
680
533
773
115
477
612
881
503
953
126
887
950
207
851
804
902
968
39
837
305
844
76
399
280
43
95
309
1
988
146
620
72
833
578
523
704
250
680
832
166
830
999
480
347
73
834
989
472
860
686
860
435
432
656
426
317
969
881
885
545
734
508
626
785
413
287
597
927
839
66
193
556
72
660
508
867
239
36
208
461
1
246
503
383
865
131
283
560
331
216
148
280
615
309
542
417
444
372
145
517
723
623
425
333
542
453
144
646
901
837
839
504
357
775
543
7
723
945
756
600
332
618
830
828
611
652
267
643
312
355
886
370
971
393
519
739
85
266
386
356
871
862
494
881
900
105
675
825
519
116
496
528
198
374
642
213
514
851
744
802
303
105
739
863
895
380
555
375
732
856
384
318
429
164
62
528
8
408
726
222
768
109
154
262
829
789
491
827
512
66
682
504
370
312
385
207
735
503
746
187
177
969
830
611
633
340
575
982
492
215
869
386
840
338
579
413
962
852
743
362
556
524
254
833
520
146
352
156
42
593
212
658
671
696
641
926
24
78
675
411
37
449
390
988
294
518
324
277
142
520
740
500
44
625
637
175
99
475
703
630
577
438
430
798
413
233
598
869
161
158
39
922
638
904
316
491
501
9
809
560
277
983
723
538
331
410
48
492
574
809
657
830
716
412
949
957
910
802
778
262
386
23
506
200
63
758
229
829
514
90
267
754
473
629
973
531
193
441
868
581
138
528
895
98
397
13
855
966
982
571
595
738
185
429
996
591
568
72
367
893
179
613
575
194
970
684
332
102
703
124
65
455
624
472
679
690
769
115
293
790
475
246
628
215
244
595
874
816
540
984
339
170
17
280
469
895
319
327
824
750
54
513
187
617
457
700
936
644
471
659
351
302
529
781
600
757
116
176
434
656
320
971
997
533
137
79
988
787
258
96
746
49
819
625
524
725
939
515
416
655
813
472
554
720
131
232
128
568
76
174
957
452
658
387
385
898
660
459
951
105
376
520
720
